#U dU B dB
#y dy x dx
#5mA
19.8	1.3299294211		0.049	0.00294
42.35	1.3298747281		0.098	0.00294
62.55	1.3318277864		0.147	0.00294
82.9	1.332639715		0.196	0.00294
103.2	1.3470726502		0.245	0.00294
123.8	1.361585326		0.294	0.00294
144.65	1.3764020715		0.343	0.00294
163.3	1.3896032851		0.392	0.00294





#2.5 mA
11.65	1.2993701792		0.049	0.00294
22.8	1.2985602662		0.098	0.00294
33.15	1.2994847873		0.147	0.00294
44.6	1.3045915376		0.196	0.00294
55.3	1.3121791132		0.245	0.00294
66.3	1.3199454724		0.294	0.00294
76.45	1.3271422352		0.343	0.00294
85.8	1.3337664207		0.392	0.00294